    camera_matrix:
        rows: 3
        cols: 3
        dt: f
        data: [ 671.204428, 0.000000, 296.546988, 
            0.000000, 670.723150, 275.795202, 0.000000, 
            0.000000, 1.000000]
    distortion_coefficients:
        rows: 1
        cols: 5
        dt: f
        data: [ -0.439093, 0.227884, 0.000392, 
            -0.000667, -0.021668]
    projection_matrix:
        rows: 3
        cols: 4
        dt: f
        data: [ 0.000000, 0.000000, 0.000000, 
            0.000000, 0.000000, 0.000000, 0.000000, 
            0.000000, 0.000000, 0.000000, 0.000000, 
            0.000000]
