    camera_matrix:
        rows: 3
        cols: 3
        dt: f
        data: [ 681.691234, 0.000000, 283.560396, 
            0.000000, 681.482988, 288.330611, 0.000000, 
            0.000000, 1.000000]
    distortion_coefficients:
        rows: 1
        cols: 5
        dt: f
        data: [ -0.451347, 0.320489, 0.000986, 
            -0.000751, -0.176411]
    projection_matrix:
        rows: 3
        cols: 4
        dt: f
        data: [ 0.000000, 0.000000, 0.000000, 
            0.000000, 0.000000, 0.000000, 0.000000, 
            0.000000, 0.000000, 0.000000, 0.000000, 
            0.000000]
